-56.15 -59.45 0 0.00293199999999998 0.00250713585459419
-56.14 -59.46 0.0200049257890985 0.00305200000000001 0.00250933188572974
-56.14 -59.46 0.0394950915040602 0.00305200000000001 0.00251147140932499
-56.15 -59.46 0.0597071295433365 0.00317600000000001 0.00251369017610849
-56.15 -59.46 0.0794054054054054 0.00317600000000001 0.00251585254489534
-56.15 -59.46 0.0995089250741424 0.00322000000000001 0.00251805939912675
-56.15 -59.46 0.119780158857082 0.00333600000000002 0.00252028466409462
-56.15 -59.47 0.139536737487957 0.00350000000000001 0.00252245343303996
-56.15 -59.47 0.159405405405405 0.00350000000000001 0.00252463450653299
-56.15 -59.47 0.179515295515296 0.00329599999999999 0.00252684206007652
-56.14 -59.5 0.199423488588046 0.00322799999999999 0.00252902747242451
-56.14 -59.5 0.218912981162981 0.00316799999999998 0.00253116692212614
-56.13 -59.51 0.23928443766347 0.00360000000000002 0.00253340318899477
-56.12 -59.51 0.259154359380301 0.00351599999999998 0.00253558440012302
-56.14 -59.52 0.279405405405405 0.00334799999999999 0.00253780744898945
-56.14 -59.53 0.299426818681637 0.00352399999999997 0.002540005290031
-56.13 -59.55 0.31874481315028 0.003104 0.00254212591361024
-56.13 -59.55 0.339596792965214 0.00309999999999999 0.00254441492969529
-56.12 -59.55 0.359165020790021 0.00304799999999998 0.00254656302252122
-56.14 -59.56 0.379229966808914 0.00285200000000002 0.00254876564234871
-56.14 -59.56 0.399007527421321 0.00285200000000002 0.00255093671458101
-56.16 -59.56 0.419265349382996 0.00269200000000004 0.00255316050727264
-56.16 -59.54 0.439433734017303 0.00268400000000004 0.00255537448202453
-56.16 -59.56 0.45929111969112 0.00249600000000005 0.00249600000000005
-56.17 -59.54 0.479405405405405 0.00242000000000001 0.00242000000000001
-56.17 -59.54 0.499405405405405 0.00234800000000001 0.00234800000000001
-56.18 -59.54 0.518920556920557 0.00241599999999998 0.00241599999999998
-56.18 -59.55 0.539468696544646 0.00247600000000001 0.00247600000000001
-56.19 -59.56 0.559405405405405 0.00238800000000004 0.00238800000000004
-56.19 -59.56 0.579310167310167 0.00244400000000004 0.00244400000000004
-56.2 -59.55 0.599242538955894 0.00230800000000005 0.00230800000000005
-56.2 -59.55 0.619631942622234 0.00228400000000003 0.00228400000000003
-56.2 -59.53 0.639112245796285 0.00219600000000002 0.00219600000000002
-56.2 -59.53 0.659371735371735 0.00230400000000002 0.00230400000000002
-56.2 -59.53 0.679439075439076 0.00231200000000002 0.00231200000000002
-56.2 -59.53 0.699371735371735 0.00230400000000002 0.00230400000000002
-56.21 -59.55 0.719371507100321 0.00249200000000004 0.00249200000000004
-56.22 -59.55 0.739371275712573 0.00240000000000006 0.00240000000000006
-56.22 -59.55 0.759231189377531 0.00235600000000006 0.00235600000000006
0 0 0.769405405405405 0 0.00129579848201002
-56.2 -59.57 0.779333976833977 0.00232000000000005 0.00232000000000005
-56.2 -59.57 0.799369304322373 0.00232000000000005 0.00232000000000005
-56.21 -59.57 0.819405405405405 0.00221600000000006 0.00221600000000006
-56.2 -59.57 0.839512932287126 0.00236400000000005 0.00236400000000005
-56.2 -59.57 0.859369818216793 0.00232400000000004 0.00232400000000004
-56.21 -59.57 0.879580844001897 0.00239600000000004 0.00239600000000004
-56.21 -59.58 0.899405405405405 0.00238000000000005 0.00238000000000005
-56.21 -59.58 0.919265545265545 0.00238000000000005 0.00238000000000005
-56.21 -59.59 0.939405405405406 0.00232000000000004 0.00232000000000004
-56.21 -59.59 0.959261520513319 0.00230800000000004 0.00230800000000004
-56.21 -59.6 0.979294704298394 0.00224000000000005 0.00224000000000005
-56.2 -59.6 0.999330217435481 0.00230000000000006 0.00230000000000006
-56.2 -59.6 1.01962762762763 0.00233200000000006 0.00233200000000006
-56.19 -59.6 1.03906832675372 0.00223200000000003 0.00223200000000003
-56.2 -59.6 1.05916731016731 0.00234800000000007 0.00234800000000007
-56.2 -59.59 1.07932343819229 0.00228800000000007 0.00228800000000007
-56.2 -59.6 1.09927988239285 0.00227200000000007 0.00227200000000007
-56.2 -59.6 1.11944759949823 0.00219600000000005 0.00219600000000005
-56.2 -59.6 1.13940540540541 0.00219600000000005 0.00219600000000005
-56.2 -59.61 1.15944724640959 0.00228800000000004 0.00228800000000004
-56.2 -59.6 1.17936356440122 0.00224800000000003 0.00224800000000003
-56.2 -59.59 1.19952988673321 0.00236800000000001 0.00236800000000001
-56.2 -59.59 1.21940540540541 0.00236800000000001 0.00236800000000001
-56.19 -59.59 1.23932276077731 0.002404 0.002404
-56.19 -59.59 1.2594880500335 0.002424 0.002424
-56.18 -59.59 1.2792809240776 0.002276 0.002276
-56.17 -59.58 1.29936321131258 0.00206800000000003 0.00206800000000003
-56.18 -59.58 1.31931993531994 0.002188 0.002188
-56.17 -59.58 1.33931844888367 0.00222400000000004 0.00222400000000004
-56.17 -59.58 1.35944907352768 0.00224000000000005 0.00224000000000005
-56.17 -59.58 1.37936173728313 0.00225600000000004 0.00225600000000004
-56.17 -59.58 1.39940540540541 0.00224000000000004 0.00224000000000004
-56.16 -59.58 1.41940540540541 0.00217200000000005 0.00217200000000005
-56.17 -59.58 1.43940540540541 0.00230000000000004 0.00230000000000004
-56.17 -59.58 1.45949236192714 0.00223600000000004 0.00223600000000004
-56.17 -59.58 1.47969829243469 0.00227600000000006 0.00227600000000006
-56.17 -59.58 1.49936458907887 0.00230400000000006 0.00230400000000006
-56.17 -59.58 1.5192809240776 0.00232800000000007 0.00232800000000007
-56.17 -59.57 1.53905757931845 0.00252 0.00252
-56.17 -59.57 1.55958239655585 0.002448 0.002448
-56.17 -59.57 1.57978197444306 0.00255200000000002 0.00255200000000002
-56.16 -59.58 1.5993241045924 0.00264400000000001 0.00264400000000001
-56.16 -59.57 1.61923873873874 0.00260800000000004 0.00260800000000004
-56.17 -59.59 1.63957207207207 0.00216800000000003 0.00216800000000003
-56.16 -59.59 1.65940540540541 0.00264400000000004 0.00264400000000004
-56.15 -59.59 1.67960620861826 0.00228000000000004 0.00228000000000004
-56.15 -59.59 1.69940540540541 0.00228000000000004 0.00228000000000004
-56.15 -59.59 1.71903805846663 0.00228000000000004 0.00228000000000004
-56.15 -59.59 1.73940540540541 0.00228000000000004 0.00228000000000004
-56.15 -59.59 1.75931993531994 0.00228400000000004 0.00228400000000004
-56.15 -59.59 1.77957489693083 0.00242799999999999 0.00242799999999999
-56.15 -59.58 1.79940540540541 0.00239999999999999 0.00239999999999999
-56.15 -59.58 1.81944689918134 0.002416 0.002416
-56.15 -59.58 1.83940540540541 0.002416 0.002416
-56.15 -59.58 1.85940540540541 0.00241199999999998 0.00241199999999998
-56.15 -59.58 1.87932207207207 0.00241199999999998 0.00241199999999998
-56.15 -59.58 1.89940540540541 0.00241199999999998 0.00241199999999998
-56.15 -59.59 1.91948873873874 0.00250799999999998 0.00250799999999998
-56.15 -59.59 1.93948737261852 0.00250399999999996 0.00250399999999996
-56.15 -59.58 1.95919793652574 0.00247599999999996 0.00247599999999996
-56.14 -59.58 1.97985074953496 0.00256799999999998 0.00256799999999998
-56.14 -59.58 1.99924792509044 0.00255199999999998 0.00255199999999998
-56.14 -59.58 2.01967777894626 0.00256399999999998 0.00256399999999998
-56.14 -59.58 2.03921235521236 0.00255199999999998 0.00255199999999998
-56.13 -59.59 2.0595604441651 0.00247600000000001 0.00247600000000001
-56.13 -59.58 2.07932848232848 0.00236399999999998 0.00236399999999998
-56.13 -59.59 2.09955807716113 0.00229200000000001 0.00229200000000001
-56.13 -59.58 2.11925273364968 0.00225200000000001 0.00225200000000001
-56.13 -59.58 2.1396695563488 0.00241599999999998 0.00241599999999998
-56.12 -59.58 2.15933133133133 0.00239999999999996 0.00239999999999996
-56.12 -59.58 2.1794425801266 0.00245599999999996 0.00245599999999996
-56.12 -59.59 2.1995152955153 0.00255599999999999 0.00255599999999999
-56.12 -59.59 2.21958334134847 0.002636 0.002636
-56.12 -59.59 2.23947484984985 0.00268399999999996 0.00268399999999996
-56.12 -59.6 2.25937080332928 0.00257599999999998 0.00257599999999998
-56.12 -59.6 2.27947437092265 0.00257999999999998 0.00257999999999998
-56.12 -59.6 2.29940540540541 0.00257999999999998 0.00257999999999998
-56.12 -59.6 2.31937104114424 0.00257599999999996 0.00257599999999996
-56.12 -59.6 2.33940540540541 0.00259199999999996 0.00259199999999996
-56.11 -59.6 2.35922996680891 0.00255999999999998 0.00255999999999998
-56.11 -59.6 2.3793695631115 0.002504 0.002504
-56.1 -59.6 2.39965101944049 0.00266799999999999 0.00266799999999999
-56.1 -59.6 2.41933643988816 0.00266799999999999 0.00266799999999999
-56.11 -59.6 2.43937056219983 0.00278799999999999 0.0027749165883097
-56.11 -59.6 2.45950921163378 0.00284 0.00277712729889424
-56.13 -59.6 2.47954054054054 0.00271200000000001 0.00271200000000001
-56.11 -59.59 2.49940540540541 0.00275999999999999 0.00275999999999999
-56.11 -59.59 2.51920132377275 0.00269999999999999 0.00269999999999999
-56.11 -59.58 2.53944000748153 0.00266799999999998 0.00266799999999998
-56.12 -59.59 2.55937080332928 0.00270399999999997 0.00270399999999997
-56.11 -59.59 2.57967567567568 0.002744 0.002744
-56.11 -59.59 2.59910032065964 0.002716 0.002716
-56.1 -59.59 2.61967751424894 0.00279600000000001 0.0027947096975084
-56.1 -59.58 2.6392027027027 0.00273600000000004 0.00273600000000004
-56.1 -59.58 2.65957489693083 0.00282800000000005 0.00279908941356034
-56.1 -59.57 2.67927027027027 0.00277200000000005 0.00277200000000005
-56.1 -59.56 2.69954054054054 0.00284400000000005 0.00280347662292289
-56.1 -59.56 2.71943862799677 0.00286400000000006 0.00280566092593168
-56.1 -59.56 2.73963194262223 0.00288800000000003 0.0028078776373614
-56.11 -59.56 2.75924463370123 0.00294400000000006 0.00281003061111973
-56.13 -59.55 2.77933961593172 0.00261600000000005 0.00261600000000005
-56.13 -59.55 2.79940540540541 0.00258000000000006 0.00258000000000006
-56.12 -59.54 2.81940540540541 0.00312800000000001 0.0028166347309847
-56.13 -59.55 2.83943840870574 0.00249600000000005 0.00249600000000005
-56.12 -59.54 2.85933918023984 0.00312800000000001 0.00282101844196773
-56.13 -59.54 2.87947163057097 0.00271600000000001 0.00271600000000001
-56.13 -59.54 2.89969294534151 0.00285600000000004 0.00282544825718095
-56.13 -59.54 2.91927961924188 0.00283200000000005 0.00282759837491597
-56.13 -59.54 2.9393089423829 0.00283200000000005 0.00282979708425913
-56.09 -59.54 2.95975023299161 0.00306800000000003 0.0028320410171335
-56.09 -59.54 2.9794954954955 0.00307200000000003 0.00283420854385643
-56.12 -59.54 2.99909865693915 0.00290400000000001 0.00283636047150361
-56.1 -59.53 3.01937365937366 0.003328 0.0028385861501734
-56.08 -59.54 3.03940540540541 0.00330000000000001 0.00284078512548823
-56.08 -59.54 3.0593413028413 0.00330000000000001 0.0028429735790694
-56.08 -59.54 3.07927468645116 0.00320400000000001 0.00284516175669653
-56.08 -59.54 3.09950376606114 0.00320400000000002 0.00284738239421028
-56.08 -59.54 3.11924038890376 0.00319200000000002 0.00284954897251853
-56.08 -59.53 3.13947207207207 0.00325600000000002 0.00285176989583665
-56.09 -59.53 3.15937218281404 0.00338000000000001 0.00285395442095066
-56.07 -59.54 3.17943862799677 0.00291599999999995 0.00285615720534814
-56.12 -59.53 3.19902739853255 0.00266799999999997 0.00266799999999997
-56.09 -59.53 3.21951141247254 0.003456 0.00286055617604789
-56.09 -59.53 3.23929939833827 0.003456 0.00286272839270738
-56.08 -59.53 3.25954625047583 0.00339200000000001 0.00286495098119182
-56.08 -59.54 3.27926456033498 0.00354 0.0028671155492011
-56.08 -59.54 3.29978341227826 0.00343599999999999 0.00286936799633378
-56.08 -59.53 3.31913329656187 0.003396 0.00287149212060217
-56.09 -59.53 3.33957722671125 0.00326399999999999 0.00287373634323085
-56.09 -59.53 3.35930301632691 0.00319199999999999 0.00287590173232681
-56.11 -59.52 3.37986593172119 0.00304399999999998 0.0028781590165037
-56.11 -59.52 3.39946790540541 0.0031 0.00288031081376516
-56.11 -59.53 3.41964782964783 0.00328799999999996 0.002882526055272
-56.11 -59.53 3.43919392504287 0.00317599999999997 0.00288467171852107
-56.1 -59.52 3.45949714852467 0.00317200000000002 0.00288690049514279
-56.09 -59.52 3.47952516588445 0.00312400000000001 0.00288909906114443
-56.09 -59.53 3.49963661927824 0.00338800000000001 0.0028913067862967
-56.09 -59.53 3.51929111969112 0.00338800000000001 0.00289346434965462
-56.11 -59.53 3.53963139410597 0.00307999999999996 0.00289569719352475
-56.1 -59.54 3.55946035046035 0.00319999999999999 0.00289787390769998
-56.1 -59.54 3.57954017629489 0.00319199999999999 0.0029000781609521
-56.1 -59.54 3.59935192946958 0.00314799999999998 0.00290225298665653
-56.1 -59.54 3.61959010197533 0.00318399999999997 0.00290447462233855
-56.1 -59.53 3.63930069336352 0.00309599999999997 0.00290663834305638
-56.1 -59.54 3.65948414556289 0.00314799999999997 0.00290885397184301
-56.09 -59.53 3.67930014224751 0.00295999999999996 0.00291102926337671
-56.1 -59.54 3.69953663900121 0.00291599999999994 0.00291325071510385
-56.1 -59.55 3.71930069336352 0.00297999999999996 0.00291542030469403
-56.09 -59.55 3.73953595370828 0.00303199999999998 0.00291764162069497
-56.09 -59.55 3.7593535919339 0.00303199999999998 0.00291981709242805
-56.09 -59.55 3.77937929574483 0.00298799999999998 0.00292201540446098
-56.09 -59.55 3.79927277941071 0.00298000000000001 0.00292419920209089
-56.09 -59.55 3.81907207207207 0.00281199999999997 0.00281199999999997
-56.05 -59.57 3.83946254826255 0.00341999999999998 0.00292861101469442
-56.07 -59.58 3.85937691537692 0.00307599999999997 0.00293079710479488
-56.07 -59.58 3.87962886909256 0.00313999999999995 0.0029330202533026
-56.07 -59.57 3.89937800814513 0.00317999999999997 0.00293518820557181
-56.07 -59.57 3.91923780764004 0.00317199999999995 0.002937368305538
-56.06 -59.59 3.93968164849933 0.00300799999999997 0.00293961251836491
-56.06 -59.59 3.95935135135135 0.00301999999999998 0.00294177175056329
-56.05 -59.58 3.97932321362458 0.00291999999999999 0.00291999999999999
-56.05 -59.58 3.99937770457438 0.00286399999999996 0.00286399999999996
-56.05 -59.58 4.0193775502522 0.00286399999999996 0.00286399999999996
-56.05 -59.57 4.03943326055861 0.00327600000000002 0.00295056270374488
-56.05 -59.57 4.05934953948362 0.003152 0.00295274900371343
-56.05 -59.57 4.0790565681961 0.003152 0.00295491233334024
-56.05 -59.58 4.09966933502417 0.00280799999999998 0.00280799999999998
-56.05 -59.58 4.11926047786917 0.00275199999999999 0.00275199999999999
-56.04 -59.63 4.13977367736008 0.00181600000000003 0.00181600000000003
-56.04 -59.63 4.15926690125028 0.00181600000000003 0.00181600000000003
-56.03 -59.57 4.17937723639132 0.00328400000000001 0.00296592498658466
-56.04 -59.64 4.19951713724898 0.00189600000000001 0.00189600000000001
-56.04 -59.64 4.21967422260971 0.00195600000000004 0.00195600000000004
-56.04 -59.64 4.23937915868625 0.00195200000000004 0.00195200000000004
-56.04 -59.64 4.25940540540541 0.00195200000000004 0.00195200000000004
-56.04 -59.64 4.27929902242668 0.00194400000000004 0.00194400000000004
-56.04 -59.63 4.29937845122751 0.00190800000000003 0.00190800000000003
-56.04 -59.64 4.31904125974714 0.00176399999999998 0.00176399999999998
-56.04 -59.62 4.33949186073682 0.00176000000000003 0.00176000000000003
-56.03 -59.56 4.35911128775835 0.00288799999999999 0.00288799999999999
-56.03 -59.56 4.37934442979565 0.00280799999999996 0.00280799999999996
-56.03 -59.57 4.39940540540541 0.00285999999999995 0.00285999999999995
-56.03 -59.57 4.41946638101516 0.00291199999999996 0.00291199999999996
-56.03 -59.57 4.43937501026863 0.00304799999999994 0.00299446611753546
-56.03 -59.57 4.45972988918122 0.00305599999999994 0.00299670056460732
-56.03 -59.57 4.47926047786917 0.00293199999999997 0.00293199999999997
-56.03 -59.56 4.4998815958816 0.00290800000000001 0.00290800000000001
-56.03 -59.56 4.51921466971058 0.00290800000000001 0.00290800000000001
-56.03 -59.56 4.53959614110023 0.002916 0.002916
-56.03 -59.53 4.55948498100222 0.00279199999999995 0.00279199999999995
-56.03 -59.53 4.57945776142635 0.00288000000000002 0.00288000000000002
-56.03 -59.53 4.59930014224751 0.00282400000000002 0.00282400000000002
-56.04 -59.52 4.61935192946958 0.00265600000000002 0.00265600000000002
-56.03 -59.52 4.63918562518562 0.00292399999999998 0.00292399999999998
-56.02 -59.52 4.65934890823026 0.00312799999999999 0.00301861364670024
-56.03 -59.52 4.67931944552002 0.00291999999999998 0.00291999999999998
-56.03 -59.52 4.69960370568869 0.00292 0.00292
-56.03 -59.52 4.71909021915899 0.002912 0.002912
-56.03 -59.52 4.73943490393048 0.002896 0.002896
-56.01 -59.51 4.75946388493757 0.00317599999999998 0.0030296037202602
-56.01 -59.51 4.77937625088645 0.00317599999999998 0.00303178959068368
-56.01 -59.51 4.79897857613711 0.00311199999999997 0.00303394142653818
-56.01 -59.51 4.81937345652362 0.00306799999999996 0.00303618026475266
-56 -59.5 4.83897062279671 0.00294799999999995 0.00294799999999995
-56 -59.49 4.85929939833827 0.002824 0.002824
-55.99 -59.5 4.87895764421138 0.00315999999999994 0.00304272109038371
-56 -59.5 4.89936618971913 0.00305999999999997 0.00304496142868033
-56 -59.5 4.91899556933983 0.00305999999999997 0.00304711623441533
-56.02 -59.5 4.93931919850885 0.00269199999999997 0.00269199999999997
-56.02 -59.49 4.95904504504504 0.00262399999999998 0.00262399999999998
-56.02 -59.5 4.97891520932697 0.00239199999999998 0.00239199999999998
